#Version
1.8.0.4

#Music Category
1

#Width
18

#Height
13

#Sprite Water Layer
5,5,5,5,5,5,5,5,5,5,5,5,5,5,5,5,5,5
5,5,5,5,5,5,5,5,5,5,5,5,5,5,5,5,5,5
5,5,5,5,5,5,5,5,5,5,5,5,5,5,5,5,5,5
5,5,5,5,5,5,5,5,5,5,5,5,5,5,5,5,5,5
5,5,5,5,5,5,5,5,5,5,5,5,5,5,5,5,5,5
5,5,5,5,5,5,5,5,5,5,5,5,5,5,5,5,5,5
5,5,5,5,5,5,5,5,5,5,5,5,5,5,5,5,5,5
5,5,5,5,5,5,5,5,5,5,5,5,5,5,5,5,5,5
5,5,5,5,5,5,5,5,5,5,5,5,5,5,5,5,5,5
5,5,5,5,5,5,5,5,5,5,5,5,5,5,5,5,5,5
5,5,5,5,5,5,5,5,5,5,5,5,5,5,5,5,5,5
5,5,5,5,5,5,5,5,5,5,5,5,5,5,5,5,5,5
5,5,5,5,5,5,5,5,5,5,5,5,5,5,5,5,5,5

#Sprite Background Layer
241,241,241,301,241,241,241,241,241,241,241,241,241,241,241,241,241,241
241,267,252,252,252,252,252,252,252,252,252,252,252,252,252,252,252,252
241,254,0,0,0,0,0,0,0,0,0,0,0,0,0,0,0,0
241,254,0,0,0,0,0,0,0,0,0,0,0,0,305,313,313,313
241,254,0,0,305,313,313,304,0,305,313,313,313,313,325,301,301,301
241,254,0,0,315,301,301,326,313,325,301,301,301,301,301,301,301,301
241,254,0,0,302,324,301,301,301,301,301,301,301,301,301,301,301,301
241,254,0,0,0,302,324,301,301,301,301,301,301,301,301,301,301,301
241,254,0,305,313,313,325,301,301,301,301,301,301,301,301,301,301,301
241,254,0,315,301,301,301,301,301,301,301,301,301,301,301,301,301,301
241,254,0,315,301,301,301,301,301,301,301,301,301,301,301,1,1,301
241,254,0,302,324,301,301,301,301,301,301,301,301,301,301,301,1,301
241,254,0,0,302,324,301,301,301,301,301,301,301,301,301,301,301,301

#Sprite Foreground Layer
835,81,81,848,0,911,0,799,0,911,0,0,856,81,81,81,305,81
0,0,0,0,0,0,0,0,0,0,0,0,0,0,0,0,776,0
787,0,0,790,0,789,0,0,0,0,0,789,0,790,0,0,776,0
787,0,0,0,0,0,0,0,0,0,0,0,0,0,0,0,776,0
799,0,789,0,0,0,0,0,789,0,0,0,0,0,0,904,82,0
728,0,0,0,0,609,83,0,0,790,758,0,0,906,0,0,82,905
799,0,0,0,0,0,84,300,81,81,770,83,790,0,0,812,303,81
799,0,0,0,789,0,0,0,905,0,0,82,0,0,905,0,82,812
799,0,790,0,0,0,0,790,0,0,906,82,801,0,0,900,82,900
787,0,0,0,904,0,801,86,81,301,81,85,81,81,302,81,85,0
787,0,0,0,0,857,81,85,0,0,790,82,790,0,844,0,0,0
787,0,0,0,790,0,0,801,0,905,0,82,0,906,0,0,900,790
0,0,0,0,0,0,906,0,0,0,801,82,801,0,0,905,0,0

#Connections
2,2,2,2,0,0,0,0,0,0,0,0,2,2,2,2,10,2
0,0,0,0,0,0,0,0,0,0,0,0,0,0,0,0,1,0
0,0,0,0,0,0,0,0,0,0,0,0,0,0,0,0,1,0
0,0,0,0,0,0,0,0,0,0,0,0,0,0,0,0,1,0
0,0,0,0,0,0,0,0,0,0,0,0,0,0,0,0,1,0
0,0,0,0,0,2,6,0,0,0,0,0,0,0,0,0,1,0
0,0,0,0,0,0,4,2,2,2,2,6,0,0,0,0,9,2
0,0,0,0,0,0,0,0,0,0,0,1,0,0,0,0,1,0
0,0,0,0,0,0,0,0,0,0,0,1,0,0,0,0,1,0
0,0,0,0,0,0,0,5,2,2,2,11,2,2,2,2,3,0
0,0,0,0,0,2,2,3,0,0,0,1,0,0,0,0,0,0
0,0,0,0,0,0,0,0,0,0,0,1,0,0,0,0,0,0
0,0,0,0,0,0,0,0,0,0,0,1,0,0,0,0,0,0

#Tile Types (Stages, Doors, Start Tiles)
25,0,0,0,0,0,0,0,0,0,0,0,19,0,0,0,12,0
0,0,0,0,0,0,0,0,0,0,0,0,0,0,0,0,0,0
0,0,0,0,0,0,0,0,0,0,0,0,0,0,0,0,0,0
0,0,0,0,0,0,0,0,0,0,0,0,0,0,0,0,0,0
0,0,0,0,0,0,0,0,0,0,0,0,0,0,0,0,0,0
0,0,0,0,0,1,0,0,0,0,0,0,0,0,0,0,0,0
0,0,0,0,0,0,0,6,0,0,7,0,0,0,0,0,10,0
0,0,0,0,0,0,0,0,0,0,0,0,0,0,0,0,0,0
0,0,0,0,0,0,0,0,0,0,0,0,0,0,0,0,0,0
0,0,0,0,0,0,0,0,0,8,0,0,0,0,9,0,0,0
0,0,0,0,0,23,0,0,0,0,0,0,0,0,0,0,0,0
0,0,0,0,0,0,0,0,0,0,0,0,0,0,0,0,0,0
0,0,0,0,0,0,0,0,0,0,0,0,0,0,0,0,0,0

#Vehicle Boundaries
0,0,0,0,0,0,0,0,0,0,0,0,0,0,0,0,0,0
0,0,0,0,0,0,0,0,0,0,0,0,0,0,0,0,0,0
0,0,0,0,0,0,0,0,0,0,0,0,0,0,0,0,0,0
0,0,0,0,0,0,0,0,0,0,0,0,0,0,0,0,0,0
0,0,0,0,0,0,0,0,0,0,0,0,0,0,0,0,0,0
0,0,0,0,0,0,0,0,0,0,0,0,0,0,0,0,0,0
0,0,0,0,0,0,0,0,0,0,0,0,0,0,0,0,0,0
0,0,0,0,0,0,0,0,0,0,0,0,0,0,0,0,0,0
0,0,0,0,0,0,0,0,0,0,0,0,0,0,0,0,0,0
0,0,0,0,0,0,0,0,0,0,0,0,0,0,0,0,0,0
0,0,0,0,0,0,0,0,0,0,0,0,0,0,0,0,0,0
0,0,0,0,0,0,0,0,0,0,0,0,0,0,0,0,0,0
0,0,0,0,0,0,0,0,0,0,0,0,0,0,0,0,0,0

#Stages
#Stage Type 0,Map,Mode,Goal,Points,Bonus List(Max 10),Name,End World, then mode settings (see sample tour file for details)
#Stage Type 1,Bonus House Name,Sequential/Random Order,Display Text,Powerup List(Max 5)
23
0,On Drugs,0,10,1,0,On Drugs,0,0
0,Secret Civilization,11,30,1,p17,Secret Civilization,0,1,777,1,1,1
0,Childs Play,10,10,1,0,Childs Play,0,15,1,5
0,Bonus I Think,13,3,1,0,Bonus I Think,0,8,3,1
0,Smworld bonus,4,250,1,0,Super Mario World Bonus,0,1,25
0,Bonus circus,5,100,1,0,Bonus Circus,0,15,10,0,5,10,3,5,0,0,0
0,Bonus Cave,6,10,1,0,Bonus Cave,0,1,0,0,0,1,0,0,0,10
0,Bonus Paradise,14,200,1,0,Bonus Paradise,0
0,Bonus Puzzle,15,10,1,0,Bonus Puzzle,0,8,0,0,5,0,0,0,0,0,0,10,0,0,0,0,0,0,10,0,0,0,0
0,Bonusful,7,5,1,0,Bonusful,0,0,0,1,0,1,0
0,Grassy Bonus,5,15,1,0,Grassy Bonus,0,150,10,2,0,1,1,1,5,1,1
0,Rotting like a Bonus Room,3,15,1,0,Rotting Away,0,0,1,0,20
0,Bawnus,1,25,3,0,Bawnus,1,0,0
1,Toad's House,1,||Pick an item to help you on your way!||,p1,p5,p8
1,Toad's House,1,||Pick an item to help you on your way!||,p2,p11,p9
1,Toad's House,1,||Pick an item to help you on your way!||,p3,p19,p16
1,Toad's House,1,||Pick an item to help you on your way!||,p18,w1,w12
1,Toad's Gold House,1,||Too Much Good Stuff (tm)||,p4,p6,p14,p16,w14
1,Toad's Gold House,1,||Too Much Good Stuff (tm)||,p4,p6,p14,p16,w14
1,Red Palace Switch,0,||Here is an item that you need!||,w5
1,Yellow Palace Switch,0,||Here is an item that you need!||,w6
1,Green Palace Switch,0,||Here is an item that you need!||,w7
1,Blue Palace Switch,0,||Here is an item that you need!||,w8

#Warps
#location 1 x, y, location 2 x, y
0

#Vehicles
#Sprite,Stage Type, Start Column, Start Row, Min Moves, Max Moves, Sprite Paces, Sprite Direction, Boundary
0

#Initial Items
w9,w4,w9,w1,w9
