#Version
1.8.0.4

#Music Category
1

#Width
18

#Height
13

#Sprite Water Layer
5,5,5,5,5,5,5,5,5,5,5,5,5,5,5,5,5,5
5,5,5,5,5,5,5,5,5,5,5,5,5,5,5,5,5,5
5,5,5,5,5,5,5,5,5,5,5,5,5,5,5,5,5,5
5,5,5,5,5,5,5,5,5,5,5,5,5,5,5,5,5,5
5,5,5,5,5,5,5,5,5,5,5,5,5,5,5,5,5,5
5,5,5,5,5,5,5,5,5,5,5,5,5,5,5,5,5,5
5,5,5,5,5,5,5,5,5,5,5,5,5,5,5,5,5,5
5,5,5,5,5,5,5,5,5,5,5,5,5,5,5,5,5,5
5,5,5,5,5,5,5,5,5,5,5,5,5,5,5,5,5,5
5,5,5,5,5,5,5,5,5,5,5,5,5,5,5,5,5,5
5,5,5,5,5,5,5,5,5,5,5,5,5,5,5,5,5,5
5,5,5,5,5,5,5,5,5,5,5,5,5,5,5,5,5,5
5,5,5,5,5,5,5,5,5,5,5,5,5,5,5,5,5,5

#Sprite Background Layer
241,241,241,301,241,241,241,241,241,241,241,241,241,241,241,241,241,241
241,267,252,252,252,252,252,252,252,252,252,252,252,252,252,252,252,252
241,254,0,0,0,0,0,0,0,0,0,0,0,0,0,0,0,0
241,254,0,0,0,0,0,0,0,0,0,0,0,0,305,313,313,313
241,254,0,0,305,313,313,304,0,305,313,313,313,313,325,301,301,301
241,254,0,0,315,301,301,326,313,325,301,301,301,301,301,301,301,301
241,254,0,0,302,324,301,301,301,301,301,301,301,301,301,301,301,301
241,254,0,0,0,302,324,301,301,301,301,301,301,301,301,301,301,301
241,254,0,305,313,313,325,301,301,301,301,301,301,301,301,301,301,301
241,254,0,315,301,301,301,301,301,301,301,301,301,301,301,301,301,301
241,254,0,315,301,301,301,301,301,301,301,301,301,301,301,1,1,301
241,254,0,302,324,301,301,301,301,301,301,301,301,301,301,301,1,301
241,254,0,0,302,324,301,301,301,301,301,301,301,301,301,301,301,301

#Sprite Foreground Layer
835,81,81,848,0,911,0,799,0,911,0,0,856,81,81,81,305,81
0,0,0,0,0,0,0,0,0,0,0,0,0,0,0,0,776,0
787,0,0,790,0,789,0,0,0,0,0,789,0,790,0,0,776,0
787,0,0,0,0,0,0,0,0,0,0,0,0,0,0,0,776,0
799,0,789,0,0,0,0,0,789,0,0,0,0,0,0,904,82,0
728,0,0,0,0,609,83,0,0,790,758,0,0,906,0,0,82,905
799,0,0,0,0,0,84,300,81,81,770,83,790,0,0,812,303,81
799,0,0,0,789,0,0,0,905,0,0,82,0,0,905,0,82,812
799,0,790,0,0,0,0,790,0,0,906,82,801,0,0,900,82,900
787,0,0,0,904,0,801,86,81,301,81,85,81,81,302,81,85,0
787,0,0,0,0,857,81,85,0,0,790,82,790,0,844,0,0,0
787,0,0,0,790,0,0,801,0,905,0,82,0,906,0,0,900,790
0,0,0,0,0,0,906,0,0,0,801,82,801,0,0,905,0,0

#Connections
2,2,2,2,0,0,0,0,0,0,0,0,2,2,2,2,10,2
0,0,0,0,0,0,0,0,0,0,0,0,0,0,0,0,1,0
0,0,0,0,0,0,0,0,0,0,0,0,0,0,0,0,1,0
0,0,0,0,0,0,0,0,0,0,0,0,0,0,0,0,1,0
0,0,0,0,0,0,0,0,0,0,0,0,0,0,0,0,1,0
0,0,0,0,0,2,6,0,0,0,0,0,0,0,0,0,1,0
0,0,0,0,0,0,4,2,2,2,2,6,0,0,0,0,9,2
0,0,0,0,0,0,0,0,0,0,0,1,0,0,0,0,1,0
0,0,0,0,0,0,0,0,0,0,0,1,0,0,0,0,1,0
0,0,0,0,0,0,0,5,2,2,2,11,2,2,2,2,3,0
0,0,0,0,0,2,2,3,0,0,0,1,0,0,0,0,0,0
0,0,0,0,0,0,0,0,0,0,0,1,0,0,0,0,0,0
0,0,0,0,0,0,0,0,0,0,0,1,0,0,0,0,0,0

#Tile Types (Stages, Doors, Start Tiles)
25,0,0,0,0,0,0,0,0,0,0,0,19,0,0,0,12,0
0,0,0,0,0,0,0,0,0,0,0,0,0,0,0,0,0,0
0,0,0,0,0,0,0,0,0,0,0,0,0,0,0,0,0,0
0,0,0,0,0,0,0,0,0,0,0,0,0,0,0,0,0,0
0,0,0,0,0,0,0,0,0,0,0,0,0,0,0,0,0,0
0,0,0,0,0,1,0,0,0,0,0,0,0,0,0,0,0,0
0,0,0,0,0,0,0,6,0,0,7,0,0,0,0,0,10,0
0,0,0,0,0,0,0,0,0,0,0,0,0,0,0,0,0,0
0,0,0,0,0,0,0,0,0,0,0,0,0,0,0,0,0,0
0,0,0,0,0,0,0,0,0,8,0,0,0,0,9,0,0,0
0,0,0,0,0,23,0,0,0,0,0,0,0,0,0,0,0,0
0,0,0,0,0,0,0,0,0,0,0,0,0,0,0,0,0,0
0,0,0,0,0,0,0,0,0,0,0,0,0,0,0,0,0,0

#Vehicle Boundaries
0,0,0,0,0,0,0,0,0,0,0,0,0,0,0,0,0,0
0,0,0,0,0,0,0,0,0,0,0,0,0,0,0,0,0,0
0,0,0,0,0,0,0,0,0,0,0,0,0,0,0,0,0,0
0,0,0,0,0,0,0,0,0,0,0,0,0,0,0,0,0,0
0,0,0,0,0,0,0,0,0,0,0,0,0,0,0,0,0,0
0,0,0,0,0,0,0,0,0,0,0,0,0,0,0,0,0,0
0,0,0,0,0,0,0,0,0,0,0,0,0,0,0,0,0,0
0,0,0,0,0,0,0,0,0,0,0,0,0,0,0,0,0,0
0,0,0,0,0,0,0,0,0,0,0,0,0,0,0,0,0,0
0,0,0,0,0,0,0,0,0,0,0,0,0,0,0,0,0,0
0,0,0,0,0,0,0,0,0,0,0,0,0,0,0,0,0,0
0,0,0,0,0,0,0,0,0,0,0,0,0,0,0,0,0,0
0,0,0,0,0,0,0,0,0,0,0,0,0,0,0,0,0,0

#Stages
#Stage Type 0,Map,Mode,Goal,Points,Bonus List(Max 10),Name,End World, then mode settings (see sample tour file for details)
#Stage Type 1,Bonus House Name,Sequential/Random Order,Display Text,Powerup List(Max 5)
0

#Warps
#location 1 x, y, location 2 x, y
0

#Vehicles
#Sprite,Stage Type, Start Column, Start Row, Min Moves, Max Moves, Sprite Paces, Sprite Direction, Boundary
0

#Initial Items
w9,w4,w9,w1,w9
